1
45
1020
0
1020
60
1020
120
1020
180
1020
240
1020
300
1020
360
1020
420
1020
480
1020
540
1020
600
1020
660
1020
720
1020
780
1020
840
1080
0
1080
60
1080
120
1080
180
1080
240
1080
300
1080
360
1080
420
1080
480
1080
540
1080
600
1080
660
1080
720
1080
780
1080
840
1140
0
1140
60
1140
120
1140
180
1140
240
1140
300
1140
360
1140
420
1140
480
1140
540
1140
600
1140
660
1140
720
1140
780
1140
840
0
0
0
60
0
120
0
180
0
240
0
300
0
360
0
420
0
480
0
540
0
600
0
660
0
720
0
780
0
840
60
0
60
840
120
0
120
840
180
0
180
840
240
0
240
840
300
0
300
840
360
0
360
840
420
0
420
840
480
0
480
840
540
0
540
840
600
0
600
840
660
0
660
840
720
0
720
840
780
0
780
840
840
0
840
840
900
0
900
840
960
0
960
60
960
120
960
180
960
240
960
300
960
360
960
420
960
480
960
540
960
600
960
660
960
720
960
780
960
840
